This is score1
62 74 85 96 12 63 96 66 63 96 22 63 85 96 72 96 82 85 34 43 65 74 85 55 52 63 96 32 63 96 12 88 85 96 76 74 85 96 22 63 96 92 63 96 32 63 85 96 12 50 
This is score2
37 58 96 80 11 37 80 66 37 80 11 37 96 80 11 80 11 96 57 67 46 58 96 55 11 37 80 11 37 80 11 88 96 80 12 58 96 80 11 37 80 11 37 80 11 37 96 80 32 50 
The sum of both array is
99 132 181 176 23 100 176 132 100 176 33 100 181 176 83 176 93 181 91 110 111 132 181 110 63 100 176 43 100 176 23 176 181 176 88 132 181 176 33 100 176 103 100 176 43 100 181 176 44 100 
The smallest number for score1 is12
The smallest number for score2 is11
The smallest number for sum array is23

The array 1 is higher: 36 times
The array 2 is higher: 10 times
both arrays are the same: 4 times
